13304122742
13304129272
13304127306
13304124646
13304129551
13304129907
13304123648
13304123084
13304124658
13304127531
13304126408
13304125035
13304122936
13304126230
13304128547
13304126069
13304129032
13304124128
13304128926
13304121279
13304125615
13304127955
13304121529
13304124785
13304121345
13304120062
13304125341
13304129852
13304120440
13304121249
13304129958
13304121653
13304124251
13304125081
13304124990
13304123489
13304129638
13304125541
13304127539
13304124131
13304121910
13304122647
13304125343
13304127134
13304125879
13304129383
13304122827
13304124477
13304124750
13304129957
13304121427
13304122967
13304125627
13304124143
13304120337
13304125773
13304129716
13304124305
13304127320
13304122604
13304120774
13304128005
13304126843
13304129264
13304124293
13304122174
13304125434
13304124146
13304128880
13304125293
13304122578
13304125028
13304122488
13304121759
13304128183
13304123837
13304129571
13304121476
13304123148
13304121112
13304124073
13304125544
13304122974
13304120679
13304121043
13304122700
13304124067
13304129644
13304124929
13304129009
13304125550
13304125352
13304129091
13304126213
13304121722
13304122923
13304122145
13304126866
13304125086
13304125877
13304120987
13304125034
13304124420
13304123309
13304126041
13304122886
13304124730
13304124934
13304126586
13304125232
13304125665
13304123308
13304129688
13304123696
13304125625
13304123323
13304123675
13304120354
13304121608
13304127942
13304121437
13304122562
13304120658
13304127324
13304129329
13304121251
13304120340
13304125895
13304125298
13304129570
13304127412
13304122630
13304121439
13304125995
13304127206
13304124562
13304122633
13304129285
13304124877
13304122681
13304121386
13304121679
13304128469
13304125880
13304128925
13304122843
13304122491
13304128988
13304124597
13304123526
13304127274
13304120453
13304122000
13304126778
13304125639
13304125980
13304123760
13304126654
13304124421
13304123844
13304125598
13304125317
13304124174
13304122873
13304124781
13304127136
13304124610
13304122125
13304127774
13304125437
13304128488
13304128813
13304126273
13304121445
13304120749
13304120257
13304123613
13304124000
13304128529
13304129372
13304121193
13304123601
13304122418
13304127752
13304129490
13304121799
13304129820
13304121612
13304123311
13304121821
13304127050
13304121147
13304125926
13304123953
13304122588
13304123647
13304120955
13304128235
13304128142
13304127624
13304129273
13304126053
13304126916
13304129649
13304127593
13304122756
13304124172
13304127212
13304121089
13304129216
13304121728
13304122769
13304126198
13304123129
13304127799
13304127265
13304125309
13304127370
13304127342
13304127186
13304126583
13304125148
13304124089
13304127719
13304122123
13304124297
13304128642
13304127368
13304125471
13304121292
13304129384
13304126280
13304120703
13304129736
13304126031
13304128896
13304127749
13304123615
13304122369
13304126735
13304122677
13304121875
13304122689
13304126024
13304120843
13304121580
13304121542
13304126062
13304124899
13304121967
13304129432
13304127056
13304123160
13304126980
13304121154
13304120606
13304120243
13304128595
13304125695
13304125635
13304121999
13304120765
13304127882
13304122386
13304121128
13304127992
13304123444
13304129463
13304122457
13304123808
13304125602
13304120136
13304122235
13304120622
13304129294
13304126558
13304122227
13304121358
13304124102
13304128450
13304124537
13304129232
13304129229
13304120804
13304129950
13304125703
13304120355
13304123274
13304120437
13304128447
13304126695
13304123800
13304126390
13304120123
13304128297
13304125474
13304128686
13304120072
13304120435
13304123939
13304127856
13304126628
13304120971
13304122862
13304121558
13304125804
13304129142
13304127810
13304127691
13304123228
13304121038
13304129869
13304127152
13304123699
13304123275
13304129799
13304123015
13304123424
13304124083
13304125097
13304129129
13304122126
13304126935
13304127638
13304124570
13304120635
13304123944
13304122813
13304123723
13304125538
13304120190
13304123448
13304125237
13304125679
13304124210
13304128356
13304122847
13304128803
13304122697
13304128282
13304121684
13304128090
13304129915
13304127709
13304126286
13304129033
13304128060
13304128637
13304127480
13304124258
13304125947
13304125049
13304122193
13304125680
13304120194
13304124918
13304124568
13304122832
13304129427
13304122525
13304125080
13304127642
13304127864
13304123182
13304122415
13304124933
13304121860
13304128906
13304129681
13304122163
13304120847
13304122393
13304124974
13304124618
13304129393
13304125788
13304127979
13304124365
13304125037
13304127564
13304124727
13304122116
13304128964
13304120511
13304128071
13304129342
13304128771
13304127606
13304126728
13304121711
13304127758
13304123905
13304127359
13304127069
13304124121
13304125742
13304129154
13304123872
13304124450
13304123591
13304120496
13304123498
13304124998
13304121096
13304123663
13304127640
13304124157
13304124066
13304122924
13304125638
13304126660
13304121039
13304120083
13304127105
13304127610
13304127641
13304123787
13304122998
13304127151
13304125776
13304120319
13304123898
13304129057
13304129293
13304127202
13304123972
13304128313
13304125404
13304129682
13304121447
13304121658
13304125634
13304121763
13304125546
13304126252
13304124656
13304124912
13304128829
13304125937
13304122825
13304128244
13304123280
13304129707
13304123057
13304129753
13304122615
13304121460
13304124071
13304124844
13304128027
13304127665
13304126268
13304124415
13304120494
13304121885
13304122869
13304123836
13304125022
13304126589
13304125524
13304127730
13304121828
13304123495
13304124139
13304121917
13304128311
13304126525
13304123333
13304124563
13304122465
13304129731
13304129760
13304124790
13304127573
13304124054
13304124029
13304124463
13304125017
13304121536
13304124948
13304122629
13304128253
13304129106
13304128173
13304126958
13304126676
13304125440
13304120512
13304120714
13304123289
13304128974
13304121513
13304123792
13304127247
13304127442
13304128339
13304123105
13304120230
13304125216
13304122405
13304128302
13304121574
13304121371
13304122713
13304129960
13304128861
13304126430
13304125542
13304123812
13304128793
13304127568
13304123145
13304120114
13304127129
13304124352
13304123567
13304123355
13304127572
13304128442
13304120323
13304126777
13304125714
13304124314
13304123242
13304127097
13304129843
13304120868
13304127194
13304129939
13304124823
13304129673
13304121122
13304129539
13304125849
13304121894
13304124429
13304128504
13304127553
13304121093
13304128545
13304126044
13304123801
13304126710
13304123298
13304126987
13304129488
13304126282
13304129257
13304127915
13304127687
13304126474
13304123626
13304121412
13304125954
13304123040
13304122894
13304127519
13304128153
13304126343
13304124123
13304121515
13304121546
13304127294
13304129409
13304127959
13304122195
13304123305
13304125182
13304125701
13304124699
13304123811
13304128581
13304129615
13304129415
13304125528
13304120059
13304121272
13304129600
13304129921
13304121784
13304126712
13304124655
13304125875
13304121322
13304127971
13304127893
13304129759
13304126224
13304129727
13304129271
13304124914
13304128039
13304122826
13304124715
13304124824
13304122726
13304121204
13304121377
13304123284
13304125477
13304125654
13304129764
13304120948
13304120940
13304129589
13304122090
13304121485
13304120397
13304126297
13304126733
13304129400
13304129954
13304122876
13304122774
13304123339
13304124831
13304122092
13304127272
13304124135
13304121823
13304121253
13304124064
13304128104
13304127513
13304124804
13304121311
13304127563
13304122625
13304120439
13304128672
13304123749
13304125803
13304128885
13304121966
13304120079
13304125033
13304124579
13304122715
13304126004
13304125157
13304121926
13304123243
13304121559
13304123011
13304124710
13304127424
13304129732
13304122082
13304120705
13304127075
13304123772
13304121899
13304125801
13304123620
13304129583
13304126215
13304126420
13304122661
13304120400
13304125675
13304129596
13304124585
13304121033
13304128210
13304127205
13304125165
13304125415
13304121870
13304129252
13304126816
13304127833
13304126970
13304129710
13304123817
13304122324
13304122109
13304129579
13304123009
13304127446
13304126684
13304128817
13304129690
13304125965
13304123737
13304120417
13304128290
13304121047
13304129111
13304123277
13304123317
13304127280
13304125149
13304125465
13304129552
13304128205
13304122670
13304126267
13304126391
13304124458
13304122215
13304124771
13304128750
13304127216
13304123704
13304123103
13304123897
13304122070
13304125960
13304126730
13304127040
13304123229
13304123703
13304129683
13304120708
13304122611
13304127049
13304122225
13304121180
13304127432
13304126445
13304128117
13304125207
13304129018
13304125872
13304124480
13304124527
13304128329
13304128184
13304125626
13304129201
13304122281
13304122637
13304129537
13304127742
13304124345
13304120851
13304128598
13304129213
13304120204
13304121071
13304121058
13304128673
13304124702
13304126214
13304125464
13304126158
13304121736
13304124544
13304121474
13304127707
13304120252
13304123491
13304124712
13304121120
13304124350
13304128728
13304126890
13304129103
13304122833
13304126405
13304122989
13304128664
13304129929
13304125482
13304120915
13304129825
13304120232
13304129917
13304121630
13304122554
13304126922
13304120608
13304122002
13304127853
13304124492
13304124455
13304127715
13304125653
13304122662
13304129455
13304121351
13304122173
13304128561
13304120960
13304128458
13304123181
13304124364
13304122744
13304127780
13304121078
13304121890
13304129146
13304129398
13304124324
13304125495
13304127824
13304126440
13304126165
13304125205
13304129357
13304127552
13304120569
13304123555
13304123051
13304125124
13304125228
13304128091
13304122508
13304124558
13304121986
13304123479
13304128713
13304126667
13304124999
13304123278
13304125859
13304126852
13304122085
13304126510
13304120113
13304121127
13304125125
13304129561
13304129979
13304120936
13304128719
13304125118
13304122074
13304125672
13304120193
13304120457
13304121852
13304123352
13304122358
13304129687
13304126347
13304122520
13304124963
13304121866
13304124138
13304120722
13304123916
13304124016
13304129544
13304123568
13304126940
13304128435
13304121887
13304126926
13304121233
13304125543
13304123667
13304120646
13304128202
13304123013
13304122877
13304129412
13304128465
13304124717
13304120686
13304124852
13304128678
13304125940
13304120460
13304121742
13304120768
13304125302
13304123096
13304128198
13304120767
13304121241
13304129965
13304121599
13304127830
13304122844
13304126858
13304123676
13304126873
13304123399
13304122395
13304124154
13304124428
13304124862
13304128370
13304123697
13304123619
13304125468
13304124164
13304125050
13304120937
13304126451
13304125154
13304124941
13304129976
13304124001
13304129187
13304120084
13304127770
13304128739
13304128667
13304127248
13304122326
13304123348
13304121657
13304125489
13304123149
13304128802
13304128069
13304128402
13304121118
13304126339
13304122429
13304125491
13304123270
13304120825
13304120431
13304127223
13304121409
13304128496
13304129401
13304123139
13304121980
13304128017
13304128893
13304121289
13304124747
13304121484
13304127108
13304127063
13304125999
13304121648
13304121480
13304121869
13304122118
13304128053
13304128305
13304126417
13304128590
13304127302
13304120577
13304122119
13304126217
13304121438
13304125282
13304126580
13304128717
13304123878
13304122803
13304121027
13304124853
13304128826
13304129487
13304129812
13304123428
13304124687
13304125559
13304121216
13304127106
13304121385
13304127548
13304121730
13304127193
13304123985
13304120659
13304121754
13304121575
13304124529
13304126353
13304128751
13304128643
13304123313
13304126651
13304127704
13304126448
13304127661
13304122470
13304122008
13304123037
13304121720
13304128726
13304129200
13304127220
13304122469
13304127364
13304120281
13304124744
13304121502
13304124550
13304123839
13304126078
13304123659
13304123868
13304126830
13304124607
13304120242
13304128374
13304128348
13304127110
13304125376
13304126455
13304126591
13304126277
13304124510
13304127775
13304120580
13304126156
13304127549
13304129275
13304129262
13304127317
13304123729
13304125128
13304120701
13304123070
13304123700
13304129604
13304127744
13304126823
13304124534
13304120046
13304127654
13304122058
13304121589
13304121656
13304120090
13304122716
13304129998
13304120727
13304121157
13304122800
13304126770
13304128203
13304125575
13304127047
13304129909
13304122078
13304126594
13304128036
13304121470
13304126859
13304121934
13304127716
13304127558
13304121539
13304126316
13304124178
13304120674
13304125522
13304126511
13304124854
13304124215
13304127598
13304127090
13304126929
13304129648
13304121640
13304121055
13304129112
13304125014
13304123709
13304125607
13304128097
13304120726
13304121117
13304121686
13304122026
13304125730
13304124622
13304129738
13304121901
13304124569
13304122675
13304126112
13304124220
13304124668
13304125498
13304124117
13304122481
13304122533
13304122632
13304121362
13304126384
13304129186
13304124021
13304123039
13304127493
13304121930
13304128971
13304129211
13304125109
13304122602
13304126116
13304128759
13304128797
13304126190
13304122284
13304127575
13304120558
13304129896
13304125929
13304120519
13304129045
13304123674
13304129984
13304127604
13304124688
13304123005
13304125459
13304125074
13304121790
13304126020
13304126557
13304128909
13304126306
13304122404
13304128594
13304121374
13304124435
13304121402
13304129047
13304122584
13304123793
13304123043
13304125223
13304129806
13304129115
13304129355
13304128616
13304122312
13304124232
13304122128
13304129634
13304128538
13304123992
13304124932
13304125726
13304120409
13304128478
13304127524
13304129711
13304125567
13304128798
13304120989
13304128744
13304129110
13304120032
13304129030
13304128615
13304124803
13304121130
13304128849
13304122503
13304124871
13304126623
13304121638
13304128870
13304129164
13304128349
13304123068
13304126885
13304124654
13304127445
13304120364
13304121202
13304125756
13304121750
13304126389
13304127133
13304122855
13304126360
13304121914
13304120620
13304120234
13304129578
13304121543
13304122831
13304126627
13304122614
13304121591
13304124448
13304127449
13304127933
13304124640
13304127633
13304126504
13304126313
13304124257
13304120951
13304126246
13304124311
13304121046
13304123746
13304127527
13304128772
13304121867
13304125652
13304129895
13304127489
13304122996
13304129932
13304123668
13304124810
13304128304
13304129108
13304128323
13304121352
13304123840
13304125953
13304124280
13304122760
13304124830
13304120499
13304129876
13304128864
13304129497
13304125503
13304128400
13304126993
13304128125
13304126578
13304121953
13304124244
13304122051
13304125370
13304127064
13304120693
13304121036
13304126063
13304127941
13304128080
13304122673
13304124705
13304127087
13304125123
13304128568
13304126870
13304129807
13304127409
13304120642
13304126788
13304120306
13304128640
13304127806
13304125082
13304127958
13304128629
13304124609
13304123637
13304122337
13304124625
13304128748
13304124834
13304123497
13304126197
13304126544
13304125686
13304129064
13304121040
13304129908
13304122541
13304127279
13304120341
13304129483
13304127121
13304122205
13304122359
13304126765
13304125981
13304125989
13304122571
13304121263
13304120237
13304125934
13304126737
13304123670
13304122970
13304127027
13304127470
13304121084
13304124478
13304128956
13304129637
13304121595
13304121836
13304121458
13304128753
13304125009
13304129899
13304122042
13304126631
13304123804
13304126040
13304122033
13304123870
13304120870
13304127949
13304122098
13304124323
13304127852
13304124110
13304123763
13304126679
13304124142
13304123846
13304129930
13304123752
13304120958
13304121054
13304127455
13304127729
13304129095
13304123892
13304127779
13304123528
13304129375
13304122013
13304129380
13304127896
13304127275
13304126144
13304121947
13304123010
13304122063
13304125530
13304127309
13304120675
13304125441
13304125734
13304122490
13304127487
13304126085
13304127696
13304124330
13304123805
13304128935
13304120854
13304120994
13304123820
13304122266
13304125439
13304128020
13304127319
13304124778
13304120238
13304120887
13304128718
13304127120
13304129196
13304121948
13304124506
13304127953
13304122441
13304120183
13304126421
13304123754
13304121246
13304124888
13304125950
13304129165
13304120525
13304123296
13304127768
13304120598
13304127557
13304128372
13304120299
13304123951
13304127999
13304120048
13304127872
13304120176
13304126318
13304125266
13304122949
13304127732
13304121835
13304126467
13304123458
13304123036
13304123786
13304122478
13304123921
13304120424
13304123496
13304128406
13304120924
13304128002
13304129549
13304120533
13304122593
13304122530
13304129237
13304128639
13304126109
13304126872
13304120218
13304123756
13304128644
13304128410
13304127398
13304120967
13304120641
13304126500
13304122822
13304129577
13304122600
13304123977
13304125153
13304123602
13304121367
13304124522
13304123919
13304125142
13304123312
13304126251
13304124318
13304125258
13304125386
13304123718
13304124595
13304125235
13304127478
13304122519
13304127218
13304123685
13304120271
13304128851
13304126152
13304125812
13304126232
13304121853
13304120307
13304121605
13304128881
13304127786
13304124379
13304121976
13304126865
13304120117
13304120168
13304121925
13304128630
13304126364
13304125416
13304123959
13304129706
13304127231
13304120153
13304129126
13304123208
13304129833
13304122857
13304125256
13304126718
13304125648
13304124447
13304127270
13304121209
13304123931
13304121145
13304127507
13304125358
13304125296
13304128352
13304121846
13304123689
13304127078
13304129618
13304125922
13304127748
13304128412
13304124481
13304120736
13304122458
13304121380
13304127579
13304121349
13304125016
13304126498
13304124754
13304120280
13304128984
13304120174
13304125515
13304122350
13304121855
13304121858
13304128417
13304126516
13304121231
13304122622
13304126118
13304126105
13304125507
13304123223
13304122252
13304121383
13304128575
13304121522
13304125031
13304121801
13304129844
13304122180
13304127192
13304126394
13304127195
13304126298
13304124812
13304129694
13304122048
13304120754
13304123062
13304126576
13304120416
13304124122
13304128256
13304125840
13304126832
13304126837
13304122627
13304125056
13304125572
13304125961
13304129629
13304126443
13304126351
13304120463
13304124199
13304128276
13304121333
13304120916
13304122518
13304124984
13304127823
13304124313
13304128764
13304121849
13304122239
13304127837
13304122151
13304122066
13304121350
13304127191
13304126553
13304126999
13304120256
13304126804
13304123795
13304129442
13304124321
13304123579
13304121570
13304127790
13304122623
13304124103
13304126573
13304127530
13304122515
13304123263
13304123462
13304124085
13304120922
13304128319
13304125836
13304125058
13304124895
13304121856
13304125203
13304120503
13304129162
13304127003
13304123155
13304127516
13304120461
13304127428
13304123373
13304126387
13304123185
13304125837
13304129402
13304126056
13304126727
13304129567
13304122190
13304125644
13304128396
13304121219
13304121694
13304127840
13304126167
13304127815
13304127855
13304121268
13304123797
13304124018
13304122724
13304124949
13304123421
13304121564
13304127578
13304123888
13304127566
13304129010
13304120322
13304125340
13304121791
13304127885
13304127960
13304120303
13304128101
13304120332
13304124087
13304122286
13304123523
13304123232
13304123657
13304120634
13304124261
13304123748
13304127612
13304128288
13304121308
13304122777
13304124177
13304122076
13304123395
13304120094
13304128952
13304122309
13304122616
13304121342
13304129125
13304127952
13304123371
13304124141
13304123866
13304123206
13304121182
13304123853
13304124248
13304127502
13304128163
13304122061
13304121338
13304120270
13304124149
13304126077
13304121388
13304120700
13304122240
13304127435
13304127961
13304128917
13304127239
13304121747
13304127826
13304128367
13304129999
13304126990
13304126833
13304129972
13304120415
13304123049
13304120895
13304127620
13304124456
13304124780
13304129062
13304128336
13304123146
13304128350
13304125492
13304125183
13304121418
13304121042
13304125373
13304123134
13304126549
13304125196
13304124788
13304126883
13304121819
13304121158
13304124163
13304126936
13304122703
13304122295
13304120645
13304128863
13304128204
13304122183
13304123952
13304123226
13304121306
13304123589
13304120845
13304125899
13304129968
13304124626
13304126985
13304125683
13304121429
13304127052
13304126528
13304121681
13304126810
13304129023
13304122891
13304123580
13304123175
13304123038
13304124068
13304121101
13304122499
13304128760
13304125799
13304120493
13304125643
13304120730
13304128596
13304125700
13304123988
13304126703
13304126650
13304129366
13304126299
13304122371
13304129553
13304127483
13304126324
13304124035
13304122175
13304124320
13304121299
13304120740
13304127627
13304125392
13304123141
13304128137
13304124319
13304121376
13304127277
13304126150
13304124114
13304126015
13304127577
13304129884
13304125724
13304121011
13304122539
13304124264
13304122238
13304121305
13304127016
13304123370
13304127658
13304121016
13304121516
13304123279
13304128733
13304123080
13304129709
13304121503
13304121187
13304120524
13304129542
13304126877
13304121666
13304125993
13304127983
13304121532
13304124944
13304127276
13304125114
13304128394
13304129994
13304127349
13304127562
13304126771
13304124758
13304122823
13304128172
13304126307
13304124868
13304121482
13304128082
13304123110
13304120968
13304129360
13304124387
13304123506
13304128200
13304123174
13304122001
13304128149
13304124682
13304122401
13304124845
13304123732
13304126773
13304127167
13304128799
13304126914
13304120906
13304120272
13304129230
13304121577
13304123782
13304120829
13304123595
13304127235
13304121139
13304125990
13304124539
13304129192
13304128949
13304121293
13304126055
13304128077
13304121276
13304126643
13304128431
13304124846
13304121563
13304127608
13304124285
13304124171
13304127822
13304129206
13304124315
13304124221
13304120965
13304127863
13304122394
13304126762
13304122202
13304122321
13304124159
13304125534
13304120414
13304126519
13304126193
13304125057
13304124530
13304127509
13304123403
13304124033
13304122509
13304128882
13304120872
13304120239
13304120874
13304129260
13304123334
13304127343
13304127693
13304122209
13304123396
13304127237
13304125003
13304129287
13304120975
13304120458
13304122734
13304129310
13304123089
13304126070
13304126249
13304128775
13304128326
13304127938
13304123841
13304126690
13304122591
13304128544
13304127420
13304120771
13304120366
13304124926
13304120402
13304125433
13304123910
13304121053
13304125456
13304124583
13304123733
13304124493
13304123041
13304123227
13304122658
13304125077
13304121297
13304129650
13304129770
13304122093
13304128934
13304125068
13304124179
13304124792
13304123151
13304120144
13304127760
13304125764
13304127867
13304124109
13304123777
13304126454
13304124250
13304124399
13304120098
13304127847
13304121247
13304125478
13304125860
13304128463
13304128052
13304126311
13304128862
13304126705
13304128857
13304129510
13304121613
13304123507
13304126117
13304123886
13304129720
13304121716
13304126790
13304126518
13304120590
13304121287
13304128874
13304127362
13304125046
13304124200
13304123082
13304128970
13304129714
13304127883
13304122385
13304125021
13304121783
13304122794
13304126996
13304124152
13304122477
13304126227
13304123906
13304122752
13304120292
13304123628
13304129956
13304123271
13304120867
13304122806
13304127360
13304128877
13304129387
13304121514
13304121895
13304127256
13304129617
13304125676
13304125901
13304126130
13304125727
13304129456
13304129942
13304124814
13304127326
13304122536
13304123204
13304124377
13304126611
13304129842
13304120905
13304129776
13304127894
13304129902
13304124663
13304126153
13304126477
13304120498
13304128627
13304127468
13304126749
13304123184
13304127163
13304121815
13304127675
13304126919
13304128446
13304127045
13304120838
13304126681
13304120255
13304120128
13304129584
13304120330
13304129746
13304123551
13304123002
13304125377
13304124837
13304126424
13304124397
13304125398
13304121334
13304126493
13304129780
13304122579
13304123532
13304128618
13304121181
13304127388
13304122267
13304121707
13304124027
13304123909
13304129469
13304125696
13304123180
13304127419
13304122812
13304128481
13304121645
13304121378
13304128129
13304129195
13304123938
13304122626
13304124381
13304129987
13304122411
13304125032
13304129075
13304128495
13304128464
13304121408
13304124637
13304124847
13304127862
13304120587
13304124858
13304129258
13304127224
13304121364
13304129783
13304120928
13304128657
13304123095
13304127616
13304125095
13304121085
13304126949
13304120477
13304125662
13304128890
13304124326
13304122370
13304120212
13304120911
13304127410
13304126786
13304120853
13304122053
13304127632
13304124020
13304121578
13304123520
13304129627
13304129659
13304123661
13304120879
13304126263
13304129411
13304126903
13304127101
13304122493
13304124748
13304129887
13304120097
13304121444
13304129872
13304127028
13304120889
13304126039
13304124586
13304129077
13304122136
13304123433
13304120442
13304124025
13304128088
13304122671
13304127155
13304126782
13304122111
13304126615
13304129863
13304128385
13304122249
13304122161
13304126977
13304122969
13304128920
13304126487
13304121549
13304126824
13304123862
13304124485
13304128373
13304121493
13304122273
13304123398
13304129805
13304121135
13304122946
13304127763
13304128001
13304127299
13304129228
13304125173
13304127659
13304123649
13304122954
13304126668
13304121185
13304120365
13304123000
13304121871
13304124805
13304127437
13304120152
13304125868
13304129073
13304121913
13304120334
13304121218
13304126143
13304121597
13304121113
13304120184
13304127617
13304129809
13304122495
13304124676
13304123169
13304124745
13304120074
13304120900
13304123680
13304125753
13304123196
13304128419
13304126354
13304124304
13304121360
13304122983
13304125410
13304129927
13304128306
13304127678
13304125932
13304126203
13304122583
13304128130
13304126707
13304124198
13304121146
13304124628
13304125978
13304120538
13304126850
13304124675
13304124303
13304121845
13304121041
13304129857
13304129609
13304122065
13304129640
13304123515
13304120859
13304126802
13304122977
13304122471
13304121886
13304123211
13304128105
13304126206
13304121217
13304120819
13304124915
13304121260
13304125931
13304125181
13304127423
13304128910
13304126793
13304125275
13304123599
13304121082
13304120418
13304127104
13304122474
13304120050
13304127076
13304120820
13304125702
13304124196
13304126957
13304124573
13304127112
13304127825
13304127215
13304124406
13304124254
13304126337
13304122965
13304120122
13304129877
13304120526
13304122170
13304125168
13304120464
13304120773
13304120125
13304123478
13304126715
13304121691
13304123320
13304120532
13304122201
13304123641
13304128743
13304126050
13304126556
13304129449
13304124214
13304126581
13304120630
13304122424
13304123362
13304121770
13304124240
13304122731
13304124262
13304129801
13304128212
13304125692
13304127345
13304126468
13304128160
13304127993
13304122168
13304120061
13304127462
13304129478
13304129042
13304127321
13304128249
13304121235
13304127084
13304122959
13304125192
13304129118
13304122278
13304125737
13304125209
13304122317
13304128940
13304126721
13304124815
13304128220
13304120756
13304125042
13304121379
13304128467
13304125038
13304122884
13304124946
13304122988
13304125622
13304127091
13304128722
13304121527
13304123687
13304122737
13304126618
13304121301
13304125406
13304121541
13304128208
13304125791
13304127734
13304129873
13304128535
13304120682
13304127652
13304129541
13304124358
13304122364
13304121045
13304128565
13304128894
13304128221
13304125847
13304129277
13304120304
13304124072
13304120817
13304126248
13304120724
13304124058
13304120823
13304127461
13304126046
13304123762
13304129845
13304128405
13304124714
13304125911
13304126456
13304129397
13304127676
13304123573
13304123118
13304121007
13304122259
13304122461
13304127895
13304121303
13304128777
13304122303
13304126481
13304123730
13304122776
13304129811
13304123540
13304126521
13304122100
13304120562
13304129620
13304129188
13304123250
13304121086
13304127784
13304121368
13304129585
13304125208
13304129368
13304120227
13304121628
13304129934
13304123147
13304124422
13304128570
13304121935
13304126828
13304129367
13304128064
13304129052
13304123769
13304121490
13304125270
13304122037
13304129992
13304125526
13304127634
13304124648
13304120699
13304120698
13304127820
13304120459
13304129386
13304120986
13304120963
13304126350
13304123230
13304124982
13304120566
13304125664
13304127080
13304125757
13304124279
13304128948
13304127176
13304121323
13304122836
13304120358
13304123272
13304129938
13304121021
13304124060
13304126670
13304125712
13304129922
13304121178
13304123974
13304124181
13304127062
13304122979
13304124582
13304127318
13304127311
13304124515
13304129536
13304125944
13304121891
13304126835
13304125250
13304121440
13304120627
13304128606
13304123440
13304127116
13304127300
13304123132
13304120295
13304126189
13304121973
13304128141
13304121006
13304129182
13304129223
13304127759
13304128021
13304127058
13304120529
13304121982
13304120421
13304120042
13304126438
13304122011
13304123260
13304128597
13304124034
13304121685
13304123895
13304124604
13304127722
13304120483
13304126951
13304120510
13304122341
13304121134
13304129347
13304120177
13304120888
13304129137
13304128231
13304124886
13304122973
13304124540
13304122003
13304127030
13304128591
13304128363
13304129330
13304127735
13304126986
13304121208
13304123078
13304124697
13304125986
13304121548
13304123085
13304122650
13304125870
13304121170
13304121245
13304121098
13304122263
13304123357
13304124098
13304120006
13304123456
13304129241
13304124861
13304123521
13304123413
13304128810
13304124725
13304121792
13304125948
13304122148
13304126534
13304126995
13304129015
13304123299
13304121972
13304129772
13304126072
13304129826
13304128487
13304120352
13304129941
13304121560
13304121881
13304121714
13304128518
13304123482
13304129923
13304124889
13304129361
13304122198
13304124169
13304122382
13304125349
13304125174
13304120962
13304121622
13304129323
13304128443
13304126081
13304127402
13304129622
13304129083
13304120555
13304122582
13304129563
13304128428
13304122361
13304122473
13304126908
13304124099
13304126716
13304128891
13304129493
13304125834
13304123499
13304120112
13304120752
13304124386
13304125523
13304129239
13304123741
13304128471
13304122325
13304129437
13304123446
13304125159
13304129719
13304122087
13304129044
13304127725
13304124736
13304125820
13304123631
13304124393
13304125997
13304127888
13304124425
13304126503
13304120325
13304125015
13304120430
13304123385
13304120758
13304125510
13304121167
13304124761
13304127653
13304120310
13304127093
13304123316
13304120333
13304129686
13304123740
13304122693
13304123961
13304123356
13304123213
13304125152
13304127839
13304120311
13304122866
13304123666
13304129214
13304122512
13304127451
13304127138
13304128262
13304129655
13304124086
13304123719
13304120842
13304127249
13304120353
13304128659
13304126067
13304127338
13304122352
13304125259
13304128067
13304122349
13304126359
13304125547
13304122648
13304121131
13304121957
13304122685
13304120943
13304126894
13304120104
13304121789
13304123297
13304129172
13304123625
13304122181
13304124884
13304123586
13304126000
13304123561
13304129093
13304122691
13304122757
13304122251
13304124560
13304129193
13304126140
13304121142
13304126256
13304123664
13304124587
13304120077
13304125387
13304122377
13304128041
13304125660
13304128229
13304129856
13304128585
13304121800
13304124917
13304123003
13304122718
13304121649
13304129283
13304121952
13304127115
13304129527
13304123761
13304127736
13304121060
13304126659
13304127589
13304128745
13304123547
13304124945
13304124392
13304122594
13304127293
13304124475
13304120465
13304124059
13304120619
13304126369
13304129982
13304126453
13304121820
13304126175
13304120235
13304122819
13304125903
13304128126
13304121897
13304122189
13304128741
13304123165
13304128646
13304123942
13304125562
13304121274
13304125146
13304128766
13304125233
13304124413
13304125409
13304124040
13304127234
13304122486
13304128557
13304120696
13304125368
13304125389
13304127645
13304120901
13304128063
13304123045
13304121981
13304126604
13304129829
13304129859
13304122565
13304123798
13304127594
13304125427
13304128123
13304124528
13304126485
13304128804
13304124120
13304123454
13304123941
13304126237
13304128194
13304121413
13304121236
13304120595
13304126683
13304125554
13304123750
13304121391
13304122545
13304128571
13304126385
13304129878
13304126925
13304125088
13304123563
13304129215
13304120638
13304127976
13304124866
13304126402
13304127392
13304121825
13304126097
13304124696
13304122506
13304120410
13304126470
13304124869
13304124238
13304122407
13304125069
13304121072
13304125856
13304127288
13304126605
13304126154
13304123177
13304122206
13304122194
13304128444
13304121670
13304129882
13304125315
13304126975
13304122837
13304125098
13304123031
13304121641
13304124923
13304129575
13304129879
13304121788
13304123224
13304121581
13304123286
13304129315
13304126038
13304124931
13304123861
13304122294
13304120485
13304128537
13304127743
13304125318
13304120487
13304129041
13304128556
13304125111
13304128904
13304123920
13304120818
13304126392
13304125641
13304126101
13304129119
13304124006
13304121757
13304125108
13304123234
13304123101
13304124185
13304120945
13304121572
13304129291
13304120802
13304127522
13304127008
13304129624
13304128076
13304128392
13304121324
13304122679
13304129076
13304120614
13304129197
13304126188
13304120030
13304123646
13304128654
13304128355
13304128285
13304120601
13304127012
13304124291
13304121369
13304124332
13304122655
13304122932
13304123876
13304124864
13304120993
13304122595
13304122476
13304126002
13304121067
13304121741
13304123093
13304120692
13304123203
13304126149
13304121780
13304127146
13304126259
13304123387
13304129136
13304123164
13304126123
13304120787
13304120880
13304122154
13304122114
13304128178
13304124186
13304125065
13304122412
13304128886
13304127123
13304126584
13304129788
13304121463
13304125445
13304127789
13304127006
13304124873
13304123407
13304123711
13304127405
13304127713
13304125898
13304125412
13304129016
13304127141
13304127439
13304121259
13304126964
13304129643
13304120864
13304128327
13304120886
13304121647
13304124057
13304124816
13304121726
13304122142
13304120298
13304129556
13304122551
13304125723
13304121642
13304125906
13304122158
13304121442
13304122687
13304126308
13304128278
13304128195
13304120856
13304126159
13304123833
13304120688
13304122538
13304122701
13304128055
13304120017
13304121588
13304129270
13304125693
13304127024
13304123726
13304126428
13304124287
13304122044
13304125822
13304123799
13304124113
13304122311
13304123712
13304120327
13304120316
13304128848
13304128147
13304129495
13304125819
13304128758
13304122097
13304127914
13304128382
13304127111
13304124445
13304120075
13304120769
13304123743
13304126242
13304124395
13304128335
13304122322
13304125224
13304125245
13304127910
13304126372
13304127034
13304127740
13304122233
13304124598
13304121410
13304125222
13304121177
13304123964
13304120087
13304125749
13304125623
13304124347
13304120356
13304126025
13304121635
13304124633
13304122449
13304129730
13304127721
13304123829
13304129445
13304121018
13304120633
13304127232
13304120920
13304126546
13304128653
13304121264
13304122895
13304126113
13304120445
13304128187
13304121243
13304125005
13304124398
13304120139
13304128376
13304124470
13304122147
13304120992
13304122516
13304127072
13304125619
13304127068
13304128399
13304125047
13304120782
13304129867
13304120603
13304124005
13304124954
13304128026
13304125147
13304123825
13304120969
13304127576
13304127444
13304121332
13304127347
13304127308
13304124014
13304128028
13304125133
13304120412
13304123463
13304123467
13304125119
13304126331
13304125473
13304126007
13304126300
13304123915
13304121721
13304125485
13304123652
13304121922
13304122464
13304124013
13304122419
13304123414
13304124553
13304129012
13304125766
13304127355
13304125025
13304125552
13304129848
13304124632
13304129431
13304124161
13304121633
13304127918
13304120672
13304124217
13304126632
13304127095
13304126939
13304128016
13304125923
13304123776
13304126992
13304126741
13304127605
13304126501
13304121105
13304126889
13304121841
13304128542
13304124497
13304122403
13304129868
13304127219
13304128390
13304121601
13304125725
13304124329
13304123816
13304129022
13304124997
13304124755
13304126457
13304128592
13304123492
13304122110
13304127323
13304125688
13304126934
13304123908
13304126329
13304124994
13304129090
13304120133
13304126637
13304121556
13304122706
13304120852
13304128730
13304126842
13304126494
13304122885
13304127878
13304123245
13304127956
13304123379
13304123254
13304124494
13304127630
13304120156
13304122720
13304127649
13304121001
13304126759
13304129734
13304120214
13304125964
13304129631
13304123608
13304129508
13304128704
13304124195
13304122933
13304126952
13304120947
13304125274
13304126841
13304125865
13304122817
13304124405
13304129430
13304121206
13304126994
13304129722
13304122848
13304122527
13304122241
13304123513
13304124503
13304121002
13304120058
13304122357
13304125827
13304124590
13304128460
13304128303
13304127723
13304120001
13304120644
13304126817
13304126265
13304125354
13304128995
13304123465
13304125040
13304125807
13304122972
13304120026
13304120584
13304127644
13304127242
13304127467
13304128429
13304127165
13304125306
13304127926
13304129470
13304128176
13304126547
13304128532
13304123189
13304127892
13304129606
13304128324
13304121862
13304124259
13304122489
13304124829
13304122783
13304128407
13304120899
13304125252
13304121579
13304126569
13304123698
13304125369
13304125658
13304122956
13304128709
13304125408
13304121111
13304122390
13304121771
13304120541
13304123451
13304123171
13304129832
13304121097
13304125921
13304125755
13304129217
13304126888
13304126409
13304128281
13304124176
13304128942
13304122187
13304126075
13304127690
13304122146
13304125024
13304126785
13304120778
13304121661
13304126540
13304128636
13304129599
13304123445
13304120537
13304129557
13304121491
13304128157
13304120581
13304126822
13304128426
13304125490
13304129768
13304120720
13304122036
13304125580
13304127429
13304129225
13304123418
13304129265
13304126174
13304127251
13304123789
13304120844
13304127025
13304121677
13304125355
13304125842
13304129696
13304129830
13304124166
13304121164
13304124116
13304127623
13304123758
13304128168
13304120723
13304121312
13304126404
13304122610
13304120420
13304129813
13304125292
13304126505
13304128116
13304127832
13304128286
13304127208
13304129365
13304125413
13304122067
13304124987
13304126036
13304125751
13304128318
13304120449
13304126825
13304122034
13304122624
13304122542
13304120294
13304127142
13304120100
13304124955
13304122638
13304127990
13304124471
13304128867
13304129613
13304126239
13304129507
13304126033
13304122765
13304124044
13304125043
13304123911
13304128111
13304124596
13304121446
13304129295
13304129037
13304124076
13304125959
13304125211
13304123026
13304123549
13304128534
13304122919
13304128972
13304129665
13304127438
13304123025
13304125967
13304125632
13304122753
13304122995
13304126962
13304121824
13304126892
13304126449
13304120003
13304121133
13304121978
13304122224
13304128711
13304127322
13304126065
13304124433
13304123086
13304122811
13304128684
13304126640
13304120475
13304126091
13304128192
13304125595
13304123504
13304126355
13304125955
13304125467
13304122961
13304126686
13304121032
13304122522
13304126932
13304126851
13304125650
13304122153
13304125606
13304126225
13304123642
13304121234
13304124212
13304128058
13304128960
13304121048
13304121743
13304120495
13304125684
13304127728
13304129515
13304124958
13304126371
13304126128
13304120023
13304125663
13304124333
13304128732
13304123191
13304127534
13304124009
13304124809
13304121275
13304129054
13304127525
13304122276
13304123918
13304124371
13304125180
13304125925
13304123314
13304123411
13304127214
13304122160
13304126014
13304125869
13304125770
13304121494
13304128564
13304122814
13304128131
13304121284
13304122103
13304126011
13304126874
13304123560
13304124707
13304126502
13304125361
13304122686
13304126288
13304128579
13304126927
13304124263
13304127367
13304126146
13304120623
13304128872
13304128786
13304123949
13304121473
13304120665
13304126057
13304124423
13304125110
13304122279
13304126001
13304127297
13304122818
13304128140
13304129699
13304127625
13304124520
13304123584
13304122930
13304122871
13304121968
13304122080
13304122041
13304122392
13304124124
13304128092
13304122072
13304128095
13304126120
13304123843
13304122340
13304127124
13304123518
13304127973
13304129025
13304129492
13304126900
13304120910
13304121457
13304120668
13304126471
13304121254
13304129011
13304129418
13304128584
13304126211
13304126943
13304124229
13304126401
13304128441
13304129771
13304129717
13304122981
13304120469
13304129920
13304126257
13304127668
13304127679
13304121174
13304126136
13304123767
13304126574
13304123597
13304125851
13304128347
13304121941
13304121448
13304122929
13304121325
13304128322
13304125661
13304126183
13304121565
13304120276
13304129792
13304125778
13304122821
13304123239
13304129893
13304122935
13304123707
13304120377
13304126338
13304121397
13304125339
13304125582
13304124828
13304125779
13304128411
13304124533
13304129416
13304128521
13304124986
13304121155
13304123108
13304123751
13304121455
13304125227
13304129840
13304121811
13304129324
13304122792
13304123566
13304126634
13304127312
13304124865
13304120780
13304127330
13304125933
13304128899
13304125972
13304128455
13304125578
13304128146
13304127718
13304125537
13304128102
13304125254
13304120044
13304120551
13304127985
13304129395
13304123517
13304120547
13304121283
13304128666
13304120980
13304124848
13304121512
13304120438
13304128369
13304128468
13304121606
13304127636
13304128608
13304120966
13304122553
13304121992
13304123047
13304120016
13304125029
13304120931
13304128061
13304128683
13304129773
13304127268
13304121238
13304127157
13304125697
13304123324
13304124275
13304123023
13304128792
13304122850
13304123007
13304120579
13304122244
13304127834
13304120543
13304122787
13304129967
13304122782
13304126276
13304123514
13304128483
13304120865
13304121140
13304124130
13304123873
13304126719
13304126037
13304124614
13304128279
13304120738
13304129754
13304123073
13304125687
13304129991
13304129100
13304121468
13304127397
13304125535
13304128065
13304128706
13304129630
13304123235
13304122316
13304125593
13304122271
13304127639
13304123735
13304123457
13304123587
13304125374
13304128474
13304127414
13304128698
13304121431
13304120921
13304126327
13304128136
13304127022
13304121778
13304121393
13304127226
13304123632
13304120068
13304122858
13304123828
13304128292
13304129824
13304122947
13304122780
13304125505
13304120130
13304127828
13304120798
13304129309
13304129897
13304127994
13304129815
13304120570
13304124674
13304123826
13304123383
13304128051
13304128669
13304120339
13304128124
13304126602
13304120841
13304122438
13304122597
13304121995
13304121200
13304128083
13304128009
13304128876
13304127802
13304129494
13304121715
13304123152
13304120527
13304123710
13304128243
13304121651
13304125018
13304123677
13304129292
13304122075
13304129390
13304127755
13304125238
13304129166
13304124051
13304129050
13304126275
13304124370
13304120210
13304123529
13304124996
13304123598
13304121309
13304124734
13304124979
13304125486
13304128938
13304129870
13304122795
13304128512
13304122925
13304128316
13304122660
13304129594
13304121496
13304124649
13304126647
13304124249
13304128975
13304124360
13304124584
13304126032
13304120361
13304123940
13304120127
13304120996
13304124438
13304123389
13304125900
13304125432
13304120205
13304122191
13304125610
13304122442
13304129149
13304123638
13304126635
13304125867
13304128371
13304121620
13304126012
13304128213
13304120198
13304120182
13304126677
13304128853
13304126381
13304122366
13304128029
13304125164
13304126704
13304126960
13304127295
13304128600
13304121919
13304120609
13304122975
13304125782
13304122917
13304122301
13304124920
13304121902
13304120550
13304126486
13304121321
13304121723
13304121092
13304121282
13304125231
13304129652
13304127048
13304120269
13304121489
13304129526
13304127920
13304129046
13304126291
13304125010
13304129447
13304122690
13304126208
13304124354
13304121066
13304126022
13304120959
13304125841
13304121184
13304125629
13304121615
13304126754
13304128783
13304126969
13304126984
13304121125
13304127244
13304122628
13304129425
13304125699
13304127357
13304124660
13304128151
13304124402
13304122656
13304125909
13304125140
13304126103
13304124115
13304120559
13304129298
13304126807
13304127919
13304120285
13304122296
13304129035
13304125811
13304129072
13304129167
13304129436
13304123986
13304122306
13304122560
13304128300
13304128647
13304124651
13304120793
13304120544
13304128754
13304123493
13304126127
13304123705
13304129695
13304124551
13304125202
13304127198
13304126625
13304123453
13304123340
13304126772
13304128510
13304123125
13304126838
13304124900
13304121102
13304129810
13304125054
13304120274
13304124442
13304125444
13304125395
13304120213
13304120956
13304121733
13304123738
13304128511
13304122355
13304128359
13304129439
13304128619
13304127408
13304124603
13304120426
13304127819
13304121320
13304121755
13304126431
13304126692
13304127517
13304125892
13304126378
13304129024
13304122228
13304125213
13304124432
13304129465
13304128294
13304120200
13304125549
13304125251
13304121639
13304129740
13304128913
13304124556
13304127479
13304125106
13304125484
13304121717
13304127264
13304121873
13304122659
13304127171
13304121660
13304121017
13304123791
13304128072
13304122362
13304125363
13304121609
13304123855
13304125243
13304128118
13304124294
13304123907
13304120540
13304123001
13304124337
13304125912
13304121949
13304122167
13304127153
13304120429
13304122513
13304124002
13304126847
13304120564
13304125774
13304129988
13304122482
13304122245
13304122280
13304125045
13304126168
13304122743
13304121481
13304128955
13304125084
13304126907
13304122870
13304121277
13304127130
13304127395
13304121817
13304125447
13304126370
13304126779
13304127685
13304127836
13304129559
13304128499
13304126124
13304128211
13304126179
13304121704
13304121049
13304128839
13304124731
13304125460
13304121667
13304124680
13304121495
13304124616
13304122384
13304128505
13304123785
13304122234
13304127750
13304122197
13304120093
13304128310
13304120500
13304123372
13304122129
13304124239
13304121149
13304125442
13304124935
13304120711
13304128543
13304127094
13304125722
13304126045
13304128380
13304120360
13304126090
13304129341
13304120855
13304128337
13304127859
13304128107
13304123585
13304126568
13304129565
13304129808
13304124608
13304129880
13304120206
13304127009
13304126030
13304122275
13304129190
13304126758
13304129097
13304128623
13304128601
13304121745
13304124689
13304126658
13304123624
13304121731
13304126757
13304127672
13304125502
13304121896
13304128907
13304125466
13304123765
13304127484
13304120085
13304129278
13304123980
13304124548
13304120008
13304129123
13304126191
13304120790
13304127706
13304120102
13304128878
13304126720
13304129520
13304127301
13304124017
13304123111
13304121363
13304125382
13304124310
13304129207
13304120742
13304129705
13304124930
13304122102
13304123027
13304125285
13304124145
13304124681
13304120745
13304126358
13304126496
13304126915
13304122177
13304122799
13304128353
13304123731
13304128006
13304127168
13304129666
13304123588
13304127643
13304127631
13304121069
13304129937
13304129141
13304123069
13304121709
13304129438
13304121779
13304125344
13304124309
13304120162
13304124617
13304127818
13304125992
13304126388
13304126638
13304124904
13304120165
13304121068
13304122237
13304129307
13304128049
13304120509
13304124346
13304127756
13304125729
13304124444
13304126035
13304126630
13304128263
13304124342
13304122730
13304120836
13304121269
13304120933
13304123934
13304122863
13304121816
13304124218
13304124170
13304126489
13304121223
13304124653
13304129134
13304127937
13304122557
13304120748
13304126783
13304129358
13304120650
13304123995
13304128507
13304123249
13304122688
13304123571
13304123956
13304126027
13304122277
13304126506
13304127007
13304127341
13304120828
13304129621
13304127814
13304127401
13304125335
13304128188
13304122247
13304126418
13304125707
13304127944
13304129113
13304127475
13304127371
13304127648
13304124639
13304121239
13304128414
13304120051
13304124108
13304127957
13304122620
13304122254
13304123321
13304127934
13304121804
13304121336
13304122423
13304128033
13304126633
13304120923
13304123525
13304121296
13304127271
13304127595
13304123342
13304120226
13304127333
13304126407
13304122856
13304120995
13304121678
13304124441
13304124555
13304124589
13304122590
13304123813
13304126603
13304129104
13304124629
13304125786
13304120466
13304128272
13304125417
13304122733
13304126219
13304123269
13304124838
13304123728
13304121073
13304129973
13304126200
13304122343
13304125102
13304125673
13304122678
13304122748
13304129983
13304121974
13304125004
13304128381
13304120797
13304124286
13304128819
13304122265
13304123214
13304129595
13304127902
13304128902
13304122952
13304123246
13304122016
13304121752
13304121319
13304121669
13304129256
13304120399
13304120467
13304125134
13304125780
13304120278
13304123721
13304129350
13304120060
13304127879
13304128977
13304125383
13304125833
13304128317
13304121912
13304124010
13304127073
13304126434
13304127387
13304124084
13304128624
13304122888
13304128012
13304120794
13304123350
13304121737
13304124125
13304122455
13304121627
13304120816
13304122643
13304127607
13304121203
13304121050
13304123052
13304127966
13304121844
13304129891
13304121179
13304120021
13304129928
13304129733
13304126898
13304126181
13304127436
13304129995
13304124207
13304124004
13304126597
13304129000
13304120116
13304123375
13304125771
13304120443
13304121387
13304124509
13304126717
13304124666
13304129184
13304125158
13304126108
13304124464
13304121108
13304127496
13304121769
13304122214
13304126972
13304129883
13304120146
13304125093
13304121173
13304121961
13304122104
13304124686
13304125843
13304129055
13304126588
13304125076
13304121851
13304122157
13304129406
13304126110
13304127570
13304129496
13304126587
13304127846
13304120837
13304127812
13304128577
13304125303
13304122293
13304126325
13304124972
13304124031
13304127020
13304127986
13304125454
13304125928
13304120791
13304123065
13304127404
13304123330
13304122853
13304128275
13304124695
13304123684
13304128031
13304126008
13304121812
13304123559
13304121205
13304124312
13304127540
13304124615
13304126139
13304123382
13304127332
13304123361
13304127841
13304128079
13304124290
13304122880
13304123960
13304126393
13304122073
13304127948
13304121734
13304121384
13304129794
13304123426
13304125403
13304128716
13304126450
13304123818
13304129179
13304126694
13304122028
13304121415
13304122966
13304125708
13304129208
13304125379
13304120197
13304122149
13304120706
13304125277
13304123553
13304128553
13304124566
13304128625
13304124162
13304122835
13304129602
13304123679
13304124335
13304127854
13304125249
13304122732
13304120760
13304124338
13304127712
13304121417
13304127771
13304127281
13304125506
13304121621
13304120069
13304127753
13304129479
13304128990
13304127350
13304122354
13304125269
13304121316
13304126541
13304122200
13304120747
13304120831
13304121937
13304120764
13304121561
13304122184
13304123926
13304120755
13304123166
13304122004
13304125263
13304123852
13304128837
13304120702
13304121488
13304127250
13304124759
13304120643
13304127798
13304128448
13304120984
13304120919
13304128289
13304126302
13304127290
13304123695
13304120941
13304128299
13304124299
13304120092
13304122912
13304128632
13304128215
13304124070
13304128295
13304122759
13304128700
13304123842
13304123327
13304120744
13304128482
13304122507
13304125264
13304121984
13304128936
13304120733
13304129781
13304122131
13304128714
13304124624
13304120669
13304124787
13304125533
13304120470
13304126809
13304120506
13304120667
13304123392
13304124777
13304128169
13304128997
13304126756
13304129789
13304120934
13304122575
13304121827
13304129924
13304123616
13304120348
13304123042
13304129222
13304128757
13304127065
13304125105
13304127135
13304129777
13304128815
13304121404
13304121582
13304121421
13304120974
13304125326
13304127889
13304123505
13304123255
13304121198
13304128227
13304124412
13304122751
13304123364
13304122918
13304128773
13304128422
13304125617
13304121346
13304121469
13304120375
13304128533
13304121692
13304127481
13304128840
13304127316
13304120486
13304120473
13304123351
13304122466
13304126028
13304121859
13304125501
13304120571
13304121843
13304129827
13304128982
13304121509
13304126753
13304120785
13304123527
13304124194
13304120309
13304125197
13304121399
13304120776
13304125761
13304124798
13304128859
13304122564
13304127720
13304126590
13304126766
13304125917
13304125741
13304123219
13304125278
13304127356
13304129448
13304124295
13304124015
13304128528
13304128572
13304128610
13304120611
13304127088
13304129724
13304122674
13304128795
13304127567
13304120222
13304123319
13304129587
13304123066
13304126879
13304128548
13304126403
13304121262
13304127243
13304128158
13304121626
13304123464
13304123237
13304129434
13304121787
13304123287
13304128181
13304123764
13304125878
13304125984
13304120124
13304126086
13304121576
13304125511
13304122574
13304127418
13304123326
13304129945
13304121357
13304120345
13304127273
13304123925
13304120788
13304128724
13304123609
13304121680
13304124190
13304128162
13304121419
13304121475
13304125585
13304129038
13304125329
13304122334
13304121993
13304123210
13304123417
13304126906
13304123443
13304120535
13304129750
13304124088
13304128307
13304129851
13304121624
13304125127
13304123437
13304123131
13304125350
13304126902
13304128889
13304120186
13304126182
13304123945
13304120219
13304124638
13304129769
13304127464
13304127361
13304122012
13304127017
13304127199
13304127969
13304127754
13304122902
13304129466
13304129580
13304128865
13304129701
13304120383
13304129176
13304129058
13304128247
13304127865
13304126187
13304126465
13304129522
13304122879
13304127505
13304123535
13304122728
13304123542
13304125647
13304124801
13304126406
13304123130
13304126781
13304122750
13304126229
13304121422
13304120369
13304120712
13304126545
13304126023
13304128314
13304125337
13304125571
13304125758
13304125397
13304121758
13304122290
13304122049
13304129194
13304120080
13304121517
13304125072
13304120719
13304125314
13304128042
13304125883
13304129286
13304122319
13304122380
13304126621
13304129591
13304120468
13304127201
13304124404
13304121240
13304120664
13304122391
13304125902
13304125253
13304122274
13304129328
13304126738
13304124155
13304126414
13304125059
13304122764
13304128614
13304120772
13304129657
13304125514
13304128599
13304128628
13304120010
13304126228
13304122055
13304120419
13304121143
13304121566
13304121192
13304127873
13304129512
13304120264
13304125857
13304127089
13304120387
13304129026
13304125100
13304120045
13304124507
13304127495
13304127535
13304123144
13304129399
13304120824
13304122462
13304125705
13304121087
13304124673
13304126305
13304125319
13304123008
13304120259
13304123150
13304121687
13304127674
13304120607
13304129029
13304120589
13304128251
13304123412
13304127431
13304126982
13304120488
13304121746
13304128941
13304120454
13304123343
13304122009
13304121696
13304125862
13304128296
13304128266
13304123893
13304124383
13304129284
13304128073
13304127947
13304128491
13304124008
13304123126
13304126529
13304125718
13304125247
13304121194
13304123725
13304126899
13304123114
13304120041
13304123779
13304128440
13304126530
13304129850
13304126334
13304124282
13304120657
13304123044
13304128489
13304120507
13304127891
13304126132
13304129573
13304126395
13304127172
13304120892
13304126941
13304122219
13304125677
13304127474
13304128462
13304129227
13304123998
13304129424
13304123430
13304129839
13304129970
13304127615
13304129099
13304122039
13304126172
13304126216
13304122524
13304126570
13304125646
13304126135
13304122024
13304127375
13304120359
13304128340
13304129847
13304125982
13304123917
13304121013
13304120138
13304120293
13304124296
13304129678
13304122155
13304122165
13304122292
13304124967
13304127363
13304127923
13304125470
13304120231
13304122121
13304126264
13304129742
13304124439
13304124094
13304121478
13304122547
13304120990
13304121848
13304129735
13304123987
13304129675
13304125187
13304129569
13304127764
13304129124
13304128944
13304121794
13304128923
13304128961
13304129664
13304124784
13304126673
13304125974
13304125927
13304121662
13304129485
13304128165
13304129101
13304127077
13304122246
13304124588
13304122159
13304128331
13304124791
13304122253
13304124669
13304120890
13304126761
13304126538
13304121954
13304125094
13304126296
13304120444
13304122133
13304120676
13304129752
13304124409
13304128838
13304125519
13304124657
13304125669
13304126896
13304127379
13304121034
13304126255
13304122942
13304126034
13304128978
13304128827
13304121075
13304124561
13304120964
13304129238
13304127054
13304121197
13304125732
13304120777
13304123061
13304127684
13304120792
13304125131
13304127038
13304126614
13304128908
13304121285
13304124773
13304128516
13304129669
13304121456
13304127702
13304122397
13304127536
13304128109
13304128219
13304126687
13304127154
13304129163
13304127400
13304128500
13304128386
13304121257
13304124206
13304123971
13304126646
13304125121
13304126319
13304126564
13304127372
13304121244
13304127211
13304124126
13304121214
13304122999
13304128357
13304127253
13304121854
13304129353
13304129514
13304123153
13304124298
13304128993
13304124601
13304125169
13304120850
13304126426
13304121774
13304126598
13304120631
13304120370
13304122320
13304127783
13304124065
13304126202
13304128655
13304125483
13304125586
13304122138
13304128587
13304123500
13304128234
13304125167
13304127697
13304129474
13304126009
13304123455
13304120957
13304120462
13304127745
13304126433
13304125006
13304127951
13304126561
13304126974
13304125145
13304129836
13304121423
13304125721
13304121165
13304124859
13304125071
13304125796
13304129180
13304127520
13304122122
13304124797
13304129612
13304123848
13304125480
13304122084
13304122505
13304126330
13304125421
13304122546
13304128860
13304127991
13304129871
13304129703
13304122484
13304126928
13304124322
13304127460
13304126375
13304127230
13304124165
13304126731
13304126685
13304129414
13304120101
13304129989
13304124267
13304120863
13304121315
13304121022
13304122038
13304124819
13304120261
13304124883
13304120813
13304129993
13304123534
13304129751
13304123558
13304124483
13304123490
13304127600
13304126709
13304127494
13304124278
13304129661
13304122261
13304120561
13304121020
13304123582
13304122945
13304129889
13304122621
13304124857
13304120952
13304123692
13304126600
13304127866
13304121756
13304128159
13304128171
13304123102
13304127982
13304121123
13304124411
13304120025
13304120192
13304126066
13304129697
13304128916
13304128030
13304126274
13304125007
13304120167
13304128695
13304127559
13304129748
13304123519
13304121255
13304123376
13304129326
13304128248
13304128451
13304128035
13304124630
13304123965
13304122166
13304122710
13304122992
13304127140
13304124938
13304123021
13304123386
13304124359
13304121584
13304127727
13304124545
13304120027
13304121138
13304128364
13304122192
13304129157
13304129114
13304120111
13304128604
13304124671
13304123092
13304125451
13304125117
13304127221
13304120291
13304126427
13304126345
13304124620
13304126466
13304123091
13304125739
13304122018
13304122485
13304120929
13304123183
13304128360
13304127681
13304126380
13304124600
13304120013
13304120425
13304120096
13304121764
13304122561
13304120979
13304125630
13304121150
13304121610
13304120150
13304124366
13304128633
13304124213
13304129019
